0 1.566982e+00 3.625326e+00 8.885388e-01 1.240605e-02 -1.261258e-02
1 9.408501e-01 3.387976e+00 2.382758e+00 2.110760e-02 -1.901024e-02
2 2.465650e+00 1.806303e-01 1.705548e+00 -2.215718e-02 4.391877e-02
3 1.592305e+00 3.552909e+00 3.131527e+00 -5.543336e-02 5.789126e-02
4 3.306673e+00 1.735303e-01 1.521256e+00 1.837993e-02 3.828223e-02
5 1.566962e+00 3.622432e+00 2.424355e+00 3.764371e-02 -1.283728e-01
6 2.470260e+00 2.011457e+00 3.731125e+00 7.340344e-03 7.598332e-02
7 3.696844e+00 5.320421e-01 2.240064e+00 -5.598086e-02 5.107241e-02
8 2.215214e+00 3.188372e+00 3.173416e+00 -3.375752e-02 -3.535661e-02
9 3.210509e+00 2.636451e+00 1.141963e+00 1.865406e-02 -3.096390e-02
10 1.167799e+00 4.823764e-01 1.573404e+00 1.033387e-02 1.575850e-02
11 1.527889e+00 1.436537e+00 2.424770e+00 -3.112872e-02 5.092534e-02
12 2.293196e+00 3.593541e+00 1.351959e+00 -1.100039e-01 -8.670295e-02
13 1.410626e+00 1.479663e+00 1.747017e+00 1.137200e-03 -1.403053e-01
14 1.946920e+00 6.608824e-01 3.444130e+00 3.439032e-02 2.889602e-02
15 3.347059e+00 2.023904e+00 3.794928e+00 -4.065675e-02 -2.276270e-02
16 3.661630e+00 6.893907e-01 3.808709e+00 -3.124000e-02 2.300368e-02
17 3.716468e+00 3.630943e-01 5.874746e-01 -3.923465e-02 5.975564e-02
18 6.218970e-01 2.439757e+00 3.504465e-01 1.330800e-02 -1.208072e-02
19 4.250046e-01 1.641576e+00 2.813273e-01 2.993777e-02 -1.108723e-04
20 3.538454e-01 2.740457e+00 2.483681e-02 3.043276e-02 -1.601327e-02
21 8.826018e-02 3.727100e-01 3.204069e+00 2.563318e-02 6.191194e-03
22 3.136896e+00 2.673875e+00 2.690799e+00 -6.001142e-02 -2.530133e-02
23 2.504617e+00 2.743511e-01 1.740994e+00 -1.712432e-01 6.781677e-02
24 1.835543e+00 1.864892e+00 8.774167e-01 4.141595e-02 -5.289892e-03
25 1.125214e+00 1.303720e+00 3.808691e+00 8.988818e-02 -1.513637e-02
26 3.715301e+00 1.118207e+00 6.322430e-01 -3.767821e-02 -5.746176e-04
27 7.131348e-01 9.631468e-01 2.059300e+00 3.298428e-02 1.387901e-02
28 2.193947e+00 1.608744e+00 2.743248e+00 1.104752e-02 2.353060e-02
29 2.573893e+00 1.926833e+00 2.350382e+00 -5.265558e-02 2.846887e-02
30 2.431312e+00 2.074322e+00 2.400867e+00 -8.205480e-02 -1.563555e-01
31 2.433258e+00 2.072663e+00 3.783243e+00 1.072116e-01 5.633478e-03
32 3.679994e+00 1.369618e+00 8.802673e-01 -4.164666e-02 -2.964385e-03
33 8.081672e-01 1.229280e-01 3.397488e+00 1.546741e-02 2.348330e-02
34 3.307067e+00 1.850993e+00 2.466432e+00 -3.616524e-02 2.164885e-02
35 2.651491e+00 2.739408e+00 3.608356e+00 2.286331e-02 2.525046e-02
36 3.525243e+00 2.456535e+00 1.247613e+00 -3.382921e-02 -1.545138e-02
37 1.339755e+00 3.099013e+00 3.115330e+00 4.851426e-02 -2.078440e-02
38 3.224048e+00 1.394464e+00 3.451570e+00 -1.220320e-03 5.908575e-02
39 3.281343e+00 3.889958e+00 1.429748e+00 -1.034767e-01 -1.444144e-02
40 1.497327e+00 2.262276e+00 2.191829e+00 2.736119e-02 -7.131914e-03
41 2.143206e+00 6.981848e-01 3.311216e+00 -2.438232e-02 8.185024e-03
42 3.286228e+00 4.665871e-01 3.212678e+00 -1.804372e-02 1.716130e-02
43 3.165526e+00 1.324933e+00 3.248175e+00 2.108925e-02 1.409222e-02
44 3.245920e+00 6.947004e-01 1.164724e+00 3.352242e-04 -2.403121e-02
45 1.499413e+00 3.003144e+00 4.064548e-01 1.163703e-01 -9.062722e-02
46 4.434780e-01 2.782938e+00 7.682952e-01 1.459124e-02 -1.389671e-02
47 9.359733e-01 1.257915e-01 2.058954e+00 -6.551731e-03 2.288499e-02
48 2.201417e+00 3.185155e+00 8.659052e-01 1.458835e-01 3.012906e-02
49 9.145828e-01 2.617153e+00 1.539596e+00 1.974993e-02 -5.633293e-03
50 1.569147e+00 1.386473e-01 3.613532e-01 1.192553e-02 3.136072e-02
51 5.139468e-01 2.203364e+00 1.356014e+00 1.320884e-02 6.227756e-03
52 1.404724e+00 1.493692e+00 3.727647e+00 2.614840e-02 1.148173e-01
53 3.662223e+00 5.702356e-01 2.167052e+00 -2.523085e-02 -7.298682e-02
54 2.239777e+00 1.399514e-01 2.415221e+00 3.234916e-02 4.796074e-02
55 2.393513e+00 1.236262e+00 1.349572e+00 -8.715487e-03 1.929525e-02
56 1.393667e+00 1.508115e+00 2.778795e+00 3.540200e-02 -1.334459e-01
57 2.804743e+00 2.392873e+00 3.335134e+00 -2.470618e-02 -1.803655e-02
58 3.277174e+00 5.408654e-01 1.077888e+00 -9.889724e-03 1.296686e-02
59 1.026813e+00 1.336055e+00 2.750304e+00 8.248832e-03 1.860422e-02
60 2.508741e+00 2.655532e+00 2.702766e+00 -3.796326e-02 -3.316320e-02
61 2.664405e+00 3.085597e+00 3.336141e+00 -1.589351e-02 -4.325715e-02
62 3.287820e+00 4.370769e-01 4.336708e-01 4.521347e-03 -8.423583e-02
63 4.815662e-01 2.975050e-01 2.875624e+00 1.963558e-02 9.337042e-03
64 2.711824e+00 2.304898e+00 2.059488e+00 -1.056144e-02 -1.000615e-02
65 2.075952e+00 7.699098e-01 4.516957e-01 1.206317e-02 -4.881918e-02
66 4.287606e-01 2.251485e+00 1.660602e+00 3.017846e-02 -2.562481e-03
67 1.680222e+00 1.027439e+00 2.933820e+00 7.695300e-03 1.758565e-02
68 2.930608e+00 3.400312e-01 3.386680e+00 6.349816e-04 9.246925e-03
69 3.111453e+00 1.279812e+00 2.470752e+00 -1.015096e-01 -4.036538e-02
70 2.549669e+00 2.414994e-01 1.615783e+00 9.221584e-02 5.102446e-02
71 1.616640e+00 2.869606e+00 3.013603e+00 -2.480182e-03 1.001178e-02
72 2.904353e+00 2.203232e+00 1.975427e+00 -4.763714e-02 9.165326e-03
73 1.906833e+00 2.450171e+00 1.713933e+00 -2.327699e-02 -6.983398e-02
74 1.636815e+00 1.463770e+00 1.477297e+00 -4.748319e-02 -1.549362e-02
75 1.631592e+00 3.541110e+00 2.430242e+00 5.777871e-02 -5.123913e-02
76 2.502275e+00 3.384294e-01 9.792233e-01 -6.541777e-03 9.297467e-02
77 1.097377e+00 1.578636e+00 1.892536e+00 5.050186e-02 -4.086757e-02
78 1.781647e+00 6.195298e-01 3.229133e+00 9.044715e-03 2.442612e-02
79 3.161065e+00 3.830523e+00 1.854921e+00 2.881124e-02 1.974719e-02
80 1.943446e+00 2.505320e+00 3.309495e+00 3.330863e-02 1.924501e-02
81 3.178966e+00 2.042981e-01 3.954208e+00 -3.262891e-02 5.390028e-02
82 3.898246e+00 3.052322e+00 1.145075e+00 -2.253727e-02 -1.451957e-02
83 1.167180e+00 1.215119e+00 2.609741e+00 4.446521e-04 7.641661e-02
84 2.612884e+00 2.667290e+00 2.515260e+00 1.359844e-02 -9.154633e-02
85 2.500404e+00 2.834697e-01 3.276853e+00 5.234314e-02 -4.035738e-02
86 3.117022e+00 2.797208e+00 2.244092e+00 -2.898214e-02 -2.156102e-02
87 2.304010e+00 3.596172e+00 2.195771e+00 5.887846e-02 -4.777960e-03
88 2.051077e+00 1.546078e+00 2.467026e+00 -9.598356e-03 1.191074e-02
89 2.412623e+00 7.841504e-01 1.357430e-01 -2.245344e-02 -1.387242e-03
90 2.016731e-01 2.625265e+00 1.952227e+00 2.673205e-02 -6.370762e-03
91 1.993587e+00 1.927203e+00 2.619244e+00 1.676524e-02 -1.031389e-02
92 2.687721e+00 1.887930e+00 1.472935e+00 -1.873704e-02 1.120080e-02
93 1.474795e+00 3.013138e+00 2.946970e+00 -5.531408e-03 -5.336491e-03
94 2.902662e+00 1.688220e+00 1.916975e+00 -7.772197e-03 2.656060e-02
95 1.977495e+00 2.666967e-01 4.424358e-01 2.488861e-02 3.779758e-02
96 4.981830e-01 3.418300e+00 2.975050e+00 2.240642e-02 -1.350544e-02
97 2.931872e+00 1.731396e+00 3.175419e+00 -2.319499e-02 5.528594e-03
98 3.217124e+00 3.893056e+00 3.977362e+00 3.217474e-03 -3.870861e-02
99 3.892526e+00 2.342899e+00 3.202049e+00 -3.429086e-02 -6.388109e-03
