0 2.057028e+00 6.062062e-01 2.647132e+00 1.018616e-03 2.357655e-03
1 2.645202e+00 3.537072e+00 2.831508e+00 -7.725849e-04 -7.030035e-03
2 2.809917e+00 2.869790e+00 2.996487e+00 -8.795996e-03 -2.711211e-03
3 2.990971e+00 1.280663e+00 2.288692e+00 -2.207637e-03 3.427384e-03
4 2.287604e+00 2.510154e+00 2.810173e+00 -1.229155e-03 3.188458e-02
5 2.800922e+00 2.008884e+00 2.235070e+00 -3.687837e-03 3.914071e-03
6 2.256675e+00 2.686357e+00 3.985606e+00 9.313851e-03 -2.144259e-02
7 3.982679e+00 1.363666e-01 8.786317e-01 -1.170759e-03 1.264860e-03
8 8.825859e-01 3.937209e+00 8.985912e-01 1.581973e-03 -1.427468e-03
9 9.052820e-01 1.987483e+00 1.896852e+00 2.680206e-03 6.478893e-04
